[[0.8730210996291898,0.013398402084160727,0.1052323236356294,0.008348174651020003],[0.7139427442446284,0.010588241321990184,0.2684168777093909,0.007052136723990399],[0.008188469526606757,0.9592265467213552,0.006224051513119201,0.02636093223891891],[0.9852958753493004,0.0055236435148546086,0.006957482760832425,0.002222998375012527],[0.0065828461685667125,0.9827717857178044,0.003323546481157858,0.0073218216324709585],[0.9876744729640945,0.004172699847466453,0.005921740450280374,0.002231086738158511],[0.9888012788551537,0.002609154914413312,0.007117856120799543,0.001471710109633501],[0.030673353830411285,0.5543028049992111,0.040044228057805685,0.3749796131125718],[0.012411956118226914,0.5460302904175763,0.014655143513126181,0.42690260995107054],[0.15590620166126506,0.8229237287826674,0.01189925175224023,0.009270817803827304],[0.011541765757331035,0.9769987335303472,0.004245808159694173,0.00721369255262761],[0.005781186765000035,0.9854139896975264,0.002888607847749997,0.005916215689723589],[0.015577395063885271,0.8738787076664456,0.014316509818196087,0.09622738745147312],[0.8799470742012236,0.026139358313408852,0.0810645243187648,0.012849043166602736],[0.9901613057909221,0.003078255920045767,0.005198007725897308,0.001562430563134961],[0.9767752973908364,0.0038623251876234443,0.01693500965804485,0.0024273677634953474],[0.01246155972830179,0.1998269145845483,0.023241998918821602,0.7644695267683284],[0.9915975211220334,0.0020877588556811847,0.005025605861499735,0.0012891141607856637],[0.9334682678308578,0.006167430213231876,0.05631237427952485,0.0040519276763854375],[0.9872140568932701,0.0034950961079687043,0.007558478079075289,0.0017323689196861343],[0.9839434845274068,0.003988347113682685,0.009659647152219498,0.002408521206691074],[0.006572852071577618,0.9823591966668354,0.0033505575252589887,0.007717393736327944],[0.0073398004727696555,0.9304314610813816,0.005708322661575954,0.05652041578427274],[0.02068061288389795,0.9672241980688553,0.0046649718895628405,0.007430217157683966],[0.9209652087495465,0.009193283474217245,0.06481655028008906,0.005024957496147185],[0.9714592418478412,0.004008215667610828,0.021778043106376536,0.0027544993781714877],[0.8251325932440358,0.15421641973325312,0.011380506967570122,0.00927048005514088],[0.06869060429097534,0.007981666428104689,0.9164855257688627,0.006842203512057361],[0.9904783408528067,0.0018518868470306662,0.006412606170133788,0.00125716613002864],[0.14928706185439222,0.12752018864837888,0.6387128132058436,0.0844799362913854],[0.974107374695787,0.003017381457789052,0.02022161139724305,0.0026536324491808552],[0.009074956938221336,0.31250179003481876,0.010937584752357196,0.6674856682746029],[0.9718426062333453,0.005014375545012089,0.020052552568974025,0.0030904656526686337],[0.22987919455244687,0.7443337706549217,0.01447674518510085,0.01131028960753056],[0.9902830792414824,0.002778302866025761,0.005249480209457579,0.0016891376830342512],[0.012872609771890753,0.7310545042455084,0.013950099381295036,0.24212278660130582],[0.9877389842944798,0.0023569312986644895,0.008358237692503006,0.0015458467143527593],[0.010491678083719924,0.9808190452917537,0.0036974591517921107,0.004991817472734218],[0.008446658174466808,0.9223096220541226,0.008467878124499322,0.060775841646911334],[0.302404382158062,0.006355626181364653,0.6861888184785396,0.00505117318203357],[0.9880344769101038,0.0035711485639578796,0.0064354305301234475,0.0019589439958148497],[0.006539617519647939,0.9566749144288565,0.007008591034670603,0.029776877016824847],[0.9887827328762444,0.003616712283995806,0.005740976367891765,0.0018595784718679167],[0.02228321340205094,0.2000009380554582,0.06306034093113898,0.7146555076113519],[0.018913604141325008,0.9259478047784299,0.014141939169669635,0.0409966519105754],[0.9922105236729796,0.0017112527235486098,0.004854726616797015,0.001223496986674899],[0.004987311200916603,0.9855685326583352,0.002816089335547032,0.006628066805201087],[0.21911820871212562,0.005684400689314619,0.7702644501842456,0.004932940414314302],[0.027407175752316545,0.888672808164182,0.030270246407622537,0.05364976967587878],[0.027084433039978838,0.538730743035613,0.03529688104691508,0.3988879428774931],[0.07081362148192112,0.011893677609139147,0.9089080449851336,0.008384655923806269],[0.9905641591787024,0.0022765055021677573,0.005836605603122585,0.0013227297160071606],[0.10586973699802497,0.004458023199019351,0.8861407781173711,0.003531461685584469],[0.4529660133797266,0.5286145567724719,0.010548508403329564,0.007870921444471832],[0.19478757035164937,0.7917169947651164,0.007213461902210466,0.006281972981023913],[0.008538661631003525,0.982692585180231,0.00335648007673675,0.005412273112028753],[0.8642290703502014,0.005881512202231261,0.1254116234437379,0.0044777940038293815],[0.007035313617400482,0.9186690663521929,0.006376462519180359,0.06791915751122617],[0.012205060751881715,0.821293453923107,0.013531928670596343,0.1529695566544149],[0.9548785429389555,0.008308022408953748,0.032022575023743186,0.004790859628347687],[0.986671015279056,0.0028754172001940158,0.008385110820216053,0.0020684567005338763],[0.9381364794008057,0.006077281264897348,0.05186000964830421,0.003926229685992822],[0.9355286114705827,0.009065481311887507,0.049252019167268436,0.006153888050261344],[0.9728393004224719,0.005476184089781148,0.018378571153384534,0.0033059443343623337],[0.01694745401046854,0.3599675122253724,0.01953265202263294,0.6035523817415263],[0.9682556017251094,0.006288800815476316,0.021464784896547913,0.003990812562866324],[0.952231737148597,0.004380158681899158,0.039999203561216924,0.0033889006082869636],[0.9896061550885035,0.002384548257855571,0.00651493112500086,0.0014943655286399889],[0.021191959453168232,0.9683219365246932,0.00443018257848816,0.006055921443650293],[0.9891696204262129,0.0024469624458343183,0.006453277625679258,0.0019301395022734275],[0.1001846647479891,0.006440249439511818,0.8877718549498118,0.005603230862687216],[0.9903265755471587,0.0016529327872158719,0.00698239055387187,0.0010381011117535056],[0.9587922989086676,0.005337229388566127,0.031802434715438144,0.004068036987328171],[0.9714215350861904,0.0038224391205819845,0.022134521752643386,0.00262150404058416],[0.13537671336521886,0.008266322814216378,0.8497144565637783,0.006642507256786335],[0.9887826379793613,0.0033770111699485414,0.0062300890669660415,0.0016102617837239254],[0.9915382169639992,0.0021258742745994736,0.004980823809019825,0.0013550849523816034],[0.32324699968475906,0.007751717030554406,0.6630240972451116,0.005977186039574971],[0.9918985794789367,0.0021710080109882735,0.004591183239549328,0.0013392292705257313],[0.9885822758865711,0.0029178885808738594,0.006848650901297747,0.0016511846312572973],[0.8555852982751606,0.00521817042615771,0.1353002970813848,0.003896234217296887],[0.014986899025771326,0.9213325326687124,0.013935589480939316,0.049744978824576846],[0.9469756354730392,0.0041510909186754,0.045682853662194656,0.0031904199460905374],[0.6691594217973176,0.00936145916102783,0.31397436949944413,0.007504749542210403],[0.9880384761426986,0.0022306310409986384,0.008125593948438594,0.0016052988678642481],[0.050417585096704715,0.9337616626729061,0.007007433520624516,0.0088133187097647],[0.008788006061438867,0.9668111002932448,0.00619593829046885,0.018204955354847514],[0.013178216313865329,0.9749551282266291,0.003896410165238855,0.007970245294266586],[0.00821760305771108,0.9842301996994254,0.0027502342426156076,0.004801963000247988],[0.006335281957754609,0.9818670453323837,0.0030578140209791558,0.008739858688882583],[0.013340665958935714,0.9728921424689839,0.00519634906349722,0.008570842508583176],[0.006521635748207783,0.9839948496043145,0.0034690435535691794,0.006014471093908584],[0.012207832056791665,0.7798203767993721,0.012975056544807403,0.19499673459902878],[0.9893045544384992,0.0035067683877323874,0.0054321408166052325,0.0017565363571633123],[0.9916641579869245,0.002239105235190829,0.0049767834249850275,0.0011199533528998692],[0.9866479186318522,0.002054146893574281,0.009989501518037985,0.001308432956535617],[0.7221021786701157,0.006576461217997577,0.2665168908155753,0.004804469296311453],[0.8966161099639341,0.004714337864303283,0.09503186383713703,0.0036376883346254858],[0.9892165595077044,0.0030623125696916534,0.0063257281936078364,0.0013953997289960684],[0.04014217192034077,0.11370825874404998,0.570464618206996,0.27568495112861324],[0.005891093081950569,0.18758178194621627,0.006984119377557015,0.7995430055942762],[0.9794922756083209,0.0028095291837166468,0.015691178542159803,0.002007016665802678],[0.9513662840528304,0.004693966100710034,0.04025727741911446,0.003682472427344976],[0.9882529449077745,0.003560989082196051,0.0064405396532907075,0.0017455263567387762],[0.022098954601393786,0.8746286852912222,0.024368986526758268,0.07890337358062562],[0.011445549599810097,0.9779496275549624,0.004729247171768275,0.005875575673459184],[0.6697293941239088,0.2943000019842263,0.021841877966401625,0.014128725925463315],[0.23902482043147497,0.015890232293828944,0.7333814155390298,0.011703531735666224],[0.9917568585565952,0.0020932382010009926,0.005031060586948313,0.0011188426554554153],[0.020326463793618372,0.6673582196576102,0.02235720672183727,0.289958109826934],[0.9879008530568162,0.0034509592168518663,0.006993490327935287,0.0016546973983966224],[0.008457331138179468,0.2604237543043263,0.009660172035296444,0.7214587425221979],[0.9813987312064426,0.00393781597252195,0.012362327493773152,0.002301125327262014],[0.975438347737,0.005560413846503279,0.015954830726806937,0.0030464076896898067],[0.011471474911630478,0.9753821889522021,0.005100014709154503,0.008046321427012932],[0.006817581198322097,0.9803318390171111,0.0037100663215140534,0.009140513463052806],[0.015274120939853903,0.9167839034080342,0.015006355642806331,0.05293562000930561],[0.03548484334390655,0.9523007656661044,0.005554758421137492,0.006659632568851487],[0.9334724581141414,0.008146238460825376,0.05195043219511488,0.006430871229918266],[0.01192135897172879,0.2938009952187017,0.014775073619795503,0.6795025721897741],[0.9832857437389598,0.004960052902309425,0.009347410190339385,0.0024067931683914457],[0.06442042410798433,0.005898949331589625,0.9244721053172429,0.005208521243183191],[0.1220726054571982,0.0049879744634036905,0.8686497252036232,0.004289694875774964],[0.977433481836424,0.012385919287403721,0.00659095305254277,0.0035896458236294644],[0.9859804810992642,0.00416870288821221,0.007854178023599336,0.001996637988924426],[0.9806920367613745,0.0030316288732714853,0.014219048625609718,0.002057285739744294],[0.11859143447093838,0.7957646569128115,0.04802426782523529,0.0376196407910147],[0.007992432194387049,0.979853881732695,0.003831776119372753,0.008321909953545013],[0.01895157724110965,0.9591507301019478,0.007422889091752351,0.014474803565190101],[0.009321810843978868,0.9461419352937693,0.009196822719700784,0.03533943114255101],[0.006999580697897773,0.9763015974393418,0.004200176543630356,0.012498645319130147],[0.010471356252043049,0.9778620789330816,0.0037590429681756917,0.007907521846699515],[0.017113456059317324,0.9610871484290574,0.0065929972587610575,0.015206398252864198],[0.009540359562845295,0.9512924035475776,0.006941482040510806,0.032225754849066514],[0.9915242799701665,0.0022848053618999575,0.004844234179234745,0.0013466804886987593],[0.010770621517998064,0.48903773571068215,0.013705456257390296,0.48648618651392944],[0.212489208448292,0.591022964975239,0.13394636006526525,0.06254146651120376],[0.0075187327869924245,0.20565502478577619,0.008752400908524104,0.7780738415187074],[0.9903233417103579,0.002278791022085349,0.005975332628495553,0.0014225346390611987],[0.007358345153339657,0.9700028558466538,0.004788499542467195,0.017850299457539315],[0.040210838268531425,0.6994299242716613,0.06518833504034459,0.19517090241946272],[0.009023544676126793,0.7407816305412599,0.009276603777025992,0.24091822100558724],[0.01769800536177877,0.9681263643547404,0.0065180918682023505,0.007657538415278358],[0.06712321619058119,0.003440156837518114,0.9264137471444986,0.003022879827402009],[0.0069642816449943514,0.9465295660854781,0.005859472557309654,0.040646679712218],[0.8874889384593323,0.01042095133018525,0.0956687849813914,0.006421325229091111],[0.007395975696006801,0.9810675813613916,0.003832122831269409,0.007704320111332286],[0.010229434757810836,0.9134943099260054,0.010776243130667443,0.06550001218551631],[0.017297099847557514,0.9714561257120767,0.005367397595483137,0.0058793768448825705],[0.9911426316409327,0.0020759563577869276,0.005610150441010273,0.0011712615602701656],[0.008685586135634138,0.7581722383454081,0.009398041795520043,0.22374413372343777],[0.009709520035378547,0.42619732532478993,0.01059475043344056,0.5534984042063911],[0.9063548324676353,0.00600127985485479,0.08375116630131385,0.0038927213761961277],[0.4517624102161961,0.011246801891800235,0.5283957059942637,0.008595081897740069],[0.013994541587691535,0.29588439171318687,0.01593032718440198,0.6741907395147196],[0.013072039035837245,0.9778352575917406,0.0037526033356395667,0.005340100036782515],[0.0158481819774181,0.5431020056867564,0.01830755400336127,0.4227422583324642],[0.010060929947415262,0.96920454321056,0.006196595721244568,0.014537931120780168],[0.9637959967098072,0.006190544227132363,0.026179999023575828,0.003833460039484458],[0.013478911686701638,0.9784255459335686,0.003630094288603752,0.004465448091126149],[0.9048180725145283,0.006840391915654563,0.0835771924966865,0.004764343073130742],[0.989699236862274,0.0024968077996056276,0.006137673077541337,0.0016662822605790816],[0.766561402148212,0.009322873640892099,0.217581063282933,0.006534660927963035],[0.9852647972547397,0.003955899644317169,0.008337408864159325,0.0024418942367837168],[0.9894403918171583,0.0032103683968197445,0.005874988144260373,0.0014742516417616536],[0.91428626017581,0.009847572858738022,0.06938401916732909,0.006482147798122833],[0.05790658390856546,0.911679239025665,0.01589652294826661,0.014517654117503066],[0.919356070153945,0.0054474806959153,0.07117713181496622,0.004019317335173506],[0.2486090583268298,0.6093506548173804,0.11057386794937833,0.03146641890641148],[0.9754649176807887,0.0034682227463314593,0.01866219730902728,0.002404662263852665],[0.006586112076515589,0.9672141554786221,0.0049799382490135985,0.021219794195848796],[0.9890329032731818,0.0026958636650956215,0.006768014252361842,0.0015032188093607917],[0.9882788348064955,0.0035302305097752343,0.006348218653288554,0.0018427160304407056],[0.250795458456886,0.009650953414932408,0.7328186595802643,0.0067349285479172466],[0.6140290228860904,0.011236801554633054,0.3675140252890872,0.007220150270189274],[0.9776916314740821,0.010925642275584171,0.0080812800167443,0.0033014462335894945],[0.02660275379526665,0.9030292934379825,0.019408495287269956,0.05095945747948084],[0.01826802816799289,0.8017531015076276,0.019328631931597992,0.16065023839278156],[0.015310100156699431,0.9122542010092782,0.014008496560058915,0.05842720227396339],[0.988157281049035,0.002785763608364925,0.00730261654135329,0.0017543388012468083],[0.7583195588831496,0.013754934022428266,0.21884251144649686,0.009082995647925201],[0.021697822613479672,0.9664195323953498,0.00472660741348342,0.007156037577687033],[0.9911496021739464,0.0019912033875366477,0.0056763672450645,0.001182827193452436],[0.0598297204060948,0.8247302394328344,0.047073394310599245,0.06836664585047161],[0.9881847800220902,0.0031043240946487874,0.007048213942476239,0.0016626819407848006],[0.0710065943366624,0.9145332297507017,0.008041188595874016,0.006418987316761831],[0.9897692602872304,0.0031528540615029044,0.005383594299574936,0.0016942913516917759],[0.029727478006374326,0.6421968655485514,0.03354741998240174,0.2945282364626726],[0.9906288632234258,0.001668393806938742,0.006598704036902729,0.0011040389327326527],[0.019798288104773184,0.8875385828450792,0.01760924043135278,0.07505388861879489],[0.011707795313087207,0.9190817429730795,0.011804411423406746,0.05740605029042646],[0.054968412556143154,0.003561261164313565,0.9379849875848154,0.0034853386947279177],[0.022286545069984887,0.9681612553665359,0.004207600965305655,0.005344598598173556],[0.9860059446398087,0.0049652097473554665,0.006791055319421569,0.0022377902934141197],[0.39066513668938235,0.02196749364089149,0.572639280056055,0.014728089613671143],[0.012731483293262631,0.917863630906597,0.011405521992499432,0.05799936380764089],[0.00434744821761518,0.9875223476247851,0.002232858729838853,0.005897345427760783],[0.9912317206292942,0.0021422534804137186,0.005272027138934001,0.0013539987513580595],[0.07637006626679856,0.0038961202767407513,0.9165931323985868,0.0031406810578738387],[0.9912457791178354,0.0019301053739994572,0.005501590104878551,0.0013225254032865632],[0.8101946124605158,0.006987117635352425,0.1769521469365361,0.005866122967595612],[0.007289245335526869,0.9777959461887907,0.004372303581592156,0.010542504894090372],[0.013840957541176084,0.9207229640894047,0.013844077622513282,0.05159200074690595],[0.8932969738426022,0.007201016866119301,0.09374723081438138,0.0057547784768971775],[0.011255813044168426,0.9758011555123483,0.004901663687536938,0.00804136775594627],[0.00808633862864363,0.9336530174133868,0.00780075846833352,0.05045988548963598],[0.00547407033384901,0.9374617351835315,0.0053958731379739186,0.05166832134464561],[0.013911743961095875,0.975760969353031,0.00444377372854435,0.005883512957328719],[0.9423058453759832,0.009536401594613558,0.04161372903528704,0.006544023994116306],[0.013317955338894735,0.9078507185398322,0.010120340545448027,0.06871098557582503],[0.9930880104480795,0.0019713074838409823,0.0037182437411561685,0.0012224383269233746],[0.017070633197412134,0.9689351104692422,0.006152865510276319,0.007841390823069377],[0.9906390954799412,0.0028379623557728524,0.005043418586208599,0.0014795235780772384],[0.9926611794715144,0.0014169962858008114,0.004989942251967241,0.00093188199071738],[0.9883403833657708,0.0018308607066804471,0.008422139115812176,0.0014066168117365153],[0.9131903748803897,0.006817811488406872,0.07559241543502913,0.0043993981961742545],[0.008323045244956027,0.9303018690207381,0.007877056058439885,0.053498029675865984],[0.9886565371584728,0.0028324945988435885,0.007150492197378744,0.0013604760453048554],[0.9916506118006563,0.0022614693589247514,0.004797172622470088,0.0012907462179489182],[0.7505316358022609,0.007396133392842028,0.23583399177293482,0.006238239031962278],[0.9676108775828441,0.003386326988514725,0.026484581857958923,0.0025182135706821028],[0.012994982437587496,0.9783050141295455,0.004314862624876934,0.004385140807990093],[0.9243494642820164,0.007008040069940548,0.06311481830197607,0.005527677346067138],[0.008211995636738053,0.9137909962614714,0.0083918815754638,0.06960512652632678],[0.9921527445784698,0.0021138054635399402,0.004296649675529228,0.001436800282461068],[0.01696570504745955,0.7255584318113372,0.022398972820512727,0.2350768903206907],[0.09852615307134727,0.004141221502724315,0.8938536231746876,0.0034790022512409344],[0.010663752971353267,0.9743879038925035,0.005705434739426561,0.009242908396716515],[0.1417408553323463,0.006343145790840358,0.8464841471594239,0.005431851717389582],[0.9838531073727451,0.0038821349662336645,0.009794852620986512,0.002469905040034717],[0.9423455701685095,0.004951930529740971,0.04937186861335342,0.0033306306883960565],[0.007682947935560767,0.9799876532562913,0.004200790051627862,0.008128608756520052],[0.310758531707284,0.013851725237274137,0.6641870063599963,0.01120273669544567],[0.019808130884557382,0.7681556464205134,0.02233240292725692,0.1897038197676722],[0.9497750675451805,0.007639940627226373,0.03722517594157119,0.005359815886021864],[0.04117464115513858,0.4915517793866099,0.05105640954714584,0.4162171699111057],[0.011435512974085908,0.9156034157373637,0.0101658491396718,0.06279522214887853],[0.014360820858054932,0.6963030184325963,0.014638538082979735,0.27469762262636904],[0.7878298838365042,0.0076965649280922345,0.19911172333236,0.0053618279030435536],[0.9086508439652442,0.006068721734372485,0.08092436410207703,0.004356070198306279],[0.9681061887119812,0.009331437924074834,0.018056569387581305,0.004505803976362623],[0.021240737577885627,0.8342544858160785,0.021806035098934456,0.12269874150710135],[0.967027474238666,0.02103962328313367,0.00794174424644955,0.003991158231750883],[0.01201111579650696,0.9707056658569825,0.00688687199303863,0.010396346353471995],[0.9549046554851216,0.0034078094472149855,0.0389203363862261,0.0027671986814371487],[0.018354371965565292,0.9727488812107222,0.0037803749744103345,0.005116371849302082],[0.6665735310556387,0.00977405572812874,0.3159439900936666,0.007708423122566091],[0.02868459729114218,0.9606864615088172,0.005240700908540611,0.00538824029149997],[0.9657400274620046,0.00515270592887079,0.025552408089012636,0.0035548585201120105],[0.9903153575610399,0.0024252654198204746,0.006003356282797449,0.0012560207363422045],[0.9898567315043852,0.003029859102571336,0.005571390114434217,0.001542019278609268],[0.9889962279573586,0.002449151524215645,0.006885989134965811,0.0016686313834596742],[0.9383669727746052,0.005107674329310353,0.05286229008788652,0.0036630628081978406],[0.023955180861976285,0.1986959823191644,0.0763927000842871,0.7009561367345722],[0.9182571866873497,0.006188999886519013,0.0712372016313825,0.0043166117947489435],[0.020179152433941392,0.965799678216427,0.006350324856330483,0.007670844493301115],[0.008678075006420136,0.9779809170976166,0.00442631459496984,0.00891469330099343],[0.9409507715093761,0.007337510619330672,0.04678429856682079,0.004927419304472491],[0.3879718030950312,0.009700006936833535,0.5942585695147965,0.008069620453338781],[0.9835209680640643,0.006067303504962008,0.008063129353931959,0.002348599077041653],[0.044745759286505045,0.7505489390173476,0.05217498152328114,0.15253032017286616],[0.9492275631243227,0.0039578829081061105,0.04411661539367822,0.0026979385738929254],[0.10588953849343379,0.019062477073330985,0.8617516958692033,0.013296288564031917],[0.989447543822718,0.003358891057413514,0.00545139914566585,0.0017421659742025745],[0.031721396273845,0.8661948904057313,0.02929172123572718,0.0727919920846966],[0.013270048906365675,0.9727073878706592,0.0056101841354758136,0.008412379087499332],[0.21148242305376788,0.7704031432515179,0.009898174638347487,0.008216259056366556],[0.9913061801793952,0.0018954695466519137,0.005638647829229202,0.001159702444723745],[0.013421923572278074,0.6821328086415632,0.014543229722734115,0.2899020380634246],[0.0060956854017435325,0.9838195492132698,0.00309197839035091,0.006992786994635773],[0.03469227498509962,0.9566660059122195,0.004249068856017374,0.004392650246663548],[0.007205235842025592,0.984154374468739,0.003078682345640403,0.005561707343595066],[0.6556350749188568,0.01393477376319092,0.31992348252747155,0.010506668790480747],[0.031505445695209994,0.9501496619989951,0.00775865432088467,0.01058623798491027],[0.8070678679149117,0.03341492331939441,0.14420617580362097,0.01531103296207293],[0.13776404331348072,0.8464006912829816,0.008779180879569888,0.007056084523967697],[0.1400514124883404,0.00466299068672454,0.8516927783828938,0.0035928184420411695],[0.40821347680720177,0.5685875286774693,0.013368750910255373,0.009830243605073586],[0.1499346487504972,0.006565277714590152,0.8384303985701026,0.005069674964809999],[0.9845665224156499,0.0030600252313443647,0.010802563096262366,0.001570889256743338],[0.012528221288318722,0.9724430910843512,0.004986027452371801,0.010042660174958258],[0.014125160612566273,0.9424388015164795,0.011726973273671178,0.03170906459728292],[0.9898159020786389,0.0022521605641553635,0.006391225874680723,0.0015407114825249926],[0.11326543422189628,0.0049901421111302295,0.8774027684641579,0.004341655202815699],[0.006771142028649466,0.9845580490441372,0.0029380082104317243,0.005732800716781499],[0.0072185450839104765,0.9842255260610185,0.002883021898794456,0.005672906956276614],[0.9675098400493404,0.007233029568374041,0.021113480934247465,0.004143649448038038],[0.009333152137041677,0.9814607642817097,0.00305269145986293,0.006153392121385614],[0.006051139525332422,0.9864462750889798,0.0027037561181563604,0.004798829267531381],[0.025490605490916987,0.963600431155232,0.00587702034697328,0.005031943006877809],[0.015173219968422353,0.9762612543107588,0.003127982035409323,0.005437543685409461],[0.019713277869518004,0.966484480253261,0.005706951796727611,0.008095290080493367],[0.9890913888466515,0.0032105557157428057,0.0055994342621266905,0.002098621175479083],[0.755005236440236,0.04251118703880875,0.18738308739458312,0.015100489126372197],[0.016160579825628303,0.9474380392837826,0.011270728266124035,0.025130652624465087],[0.017030322207350967,0.9450411604661084,0.012575058297836651,0.02535345902870409],[0.0172936318141896,0.9726170833031986,0.004118762431130243,0.005970522451481596],[0.022616813365771263,0.9674381112308186,0.004497153220174196,0.0054479221832359976],[0.0560047516538504,0.925798321902134,0.009978655268739723,0.00821827117527596],[0.9900012453685666,0.00295601064292701,0.005624956761398222,0.0014177872271081413],[0.027249163329715977,0.8640450971398826,0.028003150109438386,0.08070258942096292],[0.00636424449988231,0.9834412390627196,0.003160706450258228,0.00703380998713991],[0.26346953936167555,0.006341229874195191,0.7253039163112701,0.004885314452859253],[0.2195332741502132,0.010719270525932984,0.7617111716888672,0.008036283634986532],[0.9734582515864583,0.005897126014746325,0.01764674794679483,0.0029978744520007144],[0.9880152764989567,0.002503459248122151,0.007856506892141096,0.0016247573607800197],[0.012275315802894055,0.9796097990856595,0.0034053545187637158,0.004709530592682634],[0.9894220547786311,0.0022272965984731956,0.0070270027103123064,0.001323645912583444],[0.11415899312255871,0.8707530300808082,0.006348561703500682,0.008739415093132315],[0.940101803652903,0.007164110787063,0.048384630367403245,0.004349455192630795],[0.015711587502567296,0.973577526243983,0.004078026216306312,0.006632860037143541],[0.3035661425438786,0.6754278224613189,0.011980275593904834,0.009025759400897507],[0.9910742933299792,0.0021767510203121753,0.0054980750803778665,0.0012508805693307791],[0.017877305444811954,0.36740333363280514,0.023364619321996433,0.5913547416003864],[0.9517994015040354,0.0063078817740646696,0.038073521821232706,0.0038191949006671205],[0.43532053146410377,0.012147887125741389,0.543301669078752,0.009229912331402851],[0.008027064420968235,0.9812815638845503,0.003855356080102044,0.006836015614379269],[0.9459814939593649,0.004987871066815788,0.045510480596786945,0.003520154377032249],[0.9921281130809393,0.0024489131521466486,0.004117755384211467,0.0013052183827024038],[0.010439404490997766,0.946152667910765,0.00896160523402094,0.03444632236421628],[0.007553620776665444,0.23138669818798313,0.008051285008015028,0.7530083960273365],[0.9537716140154081,0.011975393810919702,0.029421815854565235,0.004831176319106862],[0.9160452665075758,0.0077182850722461475,0.07167472799095553,0.00456172042922245],[0.9914782691286098,0.002174402369056041,0.005078298478627219,0.001269030023706947],[0.9886684990533893,0.003210385789080395,0.006454941982214458,0.001666173175315934],[0.9836294758529975,0.006108698749334953,0.007437000896749181,0.00282482450091832],[0.9916009681711777,0.0023007788169474666,0.004832170205737408,0.0012660828061374953],[0.9915443237668689,0.0018696790611162065,0.005473577085015591,0.0011124200869994441],[0.6411984177418764,0.009614770764916524,0.34123807168920867,0.007948739803998572],[0.9890382352589324,0.003234741849658961,0.006005653910156857,0.001721368981251637],[0.9901713596791931,0.0020120058033068966,0.0065016282589578115,0.0013150062585421073],[0.9693989343101554,0.005947721524665691,0.020765136130658054,0.003888208034520897],[0.9784793043587394,0.004703925798780083,0.014028783053511986,0.002787986788968581],[0.9874857543975034,0.003586151013608593,0.006904216723309296,0.0020238778655787873],[0.00605828179541016,0.9850809835955104,0.002932048989449374,0.005928685619629936],[0.708023934025806,0.011362662025648321,0.2715320370559184,0.009081366892627375],[0.9568121431887435,0.0034087221737124384,0.037212490404997876,0.002566644232546229],[0.009584886948550078,0.977709057454449,0.004652059627592897,0.008053995969408026],[0.012913709938331986,0.9202265031283202,0.01158572005637052,0.05527406687697732],[0.9924390027543002,0.0019292058559456946,0.004503201811746694,0.0011285895780074953],[0.9894803432202102,0.003563948907359166,0.0052675641945473806,0.0016881436778833374],[0.03070219245103422,0.9592631874374871,0.005007793757753223,0.005026826353725682],[0.03296505074361137,0.8763191853349673,0.0317623827265438,0.058953381194877516],[0.14325570398339338,0.0064649520007088734,0.8444772784828226,0.005802065533074987],[0.010576663807171845,0.9397187315670115,0.00999372423159732,0.039710880394219536],[0.928677299940508,0.004519369724151737,0.06360463213787854,0.0031986981974617213],[0.9598496499304754,0.005541756412262697,0.030354478052943647,0.004254115604318311],[0.008334441555198533,0.9827913556842385,0.0030949784298209327,0.005779224330742077],[0.8612082496547706,0.009811186777131371,0.12187487270162863,0.007105690866469604],[0.009143857624293235,0.9161866438587285,0.008175530655881271,0.06649396786109707],[0.2563955703687988,0.033505382080384775,0.6953605958083926,0.014738451742423934],[0.008662847076976005,0.9776925091061125,0.004328977487088067,0.009315666329823329],[0.9863240094336561,0.003717889630401692,0.007846265479261018,0.002111835456681268],[0.7588595059239194,0.01212164353774914,0.21954003876457087,0.009478811773760622],[0.9895944420075924,0.003536686251095127,0.005057961799191353,0.001810909942121056],[0.9403153473342656,0.005929555274218814,0.04950109760532937,0.004253999786186211],[0.9904815837860329,0.0026228975195877018,0.005513814871427581,0.00138170382295177],[0.03526743673574076,0.9579386898030753,0.0032842306863802464,0.0035096427748037085],[0.9868838144489234,0.002792686531865312,0.008501360188377625,0.00182213883083361],[0.40117586158757357,0.010678721407347876,0.5799953592818728,0.008150057723205739],[0.006937635942872315,0.984187396937069,0.0031692412121984105,0.0057057259078602],[0.9446439907236236,0.008322070134969377,0.041862693717720036,0.005171245423686824],[0.9888678013969885,0.002099257565508633,0.007673875876300965,0.001359065161202023],[0.9197055711988001,0.003724326783056069,0.07358383194891255,0.0029862700692311933],[0.00886175046026041,0.19767320820317125,0.011272835165946928,0.7821922061706216],[0.9913424921077275,0.0017841622486740646,0.0056292262170787675,0.0012441194265195808],[0.01820263455269267,0.9701032039271238,0.004539041629815014,0.007155119890368502],[0.011178519385299254,0.8346482202746023,0.013491149108417805,0.1406821112316806],[0.02798191245487318,0.5032396661191637,0.04388521436151921,0.42489320706444383],[0.8259465905925132,0.008473690635892072,0.1591869258800643,0.006392792891530527],[0.5567495970478435,0.01009774789498999,0.42529756681775693,0.007855088239409568],[0.01151126626097981,0.2660101254913091,0.0162172104959148,0.7062613977517963],[0.991225193451614,0.002154531364246615,0.005281016954259046,0.0013392582298802195],[0.13102212784273623,0.8543588782128809,0.007996467315707013,0.006622526628675768],[0.07079052964989731,0.9111649515158856,0.009121381493215886,0.008923137341001116],[0.5140025134519951,0.020177698201682515,0.45318978908529006,0.012629999261032384],[0.1404106894359313,0.015421584048126786,0.8321818558317091,0.011985870684232862],[0.9899847802857668,0.002154333498266483,0.006614311815036952,0.0012465744009297936],[0.023485534695276773,0.9598091230259558,0.006658834781914323,0.01004650749685316],[0.2846510978077352,0.009267821853476858,0.6985038446344141,0.00757723570437395],[0.27307869355973574,0.007712557112135225,0.713780865923118,0.005427883405011061],[0.020648393837774094,0.6911914069854003,0.028776338562189835,0.2593838606146358],[0.014484839930800708,0.7134749836527173,0.014511411642179627,0.2575287647743024],[0.9902185941087955,0.0017204906531051397,0.006780322532973886,0.0012805927051254289],[0.011625735630895993,0.9754671040382844,0.0052406884546732846,0.0076664718761462886],[0.008270957885539125,0.9811978565705359,0.004168207060584775,0.006362978483340205],[0.9910167157543325,0.0024385201212426587,0.00525332818124715,0.0012914359431775728],[0.9852530226595602,0.004361218625997384,0.008265674027291402,0.002120084687151197],[0.952820666455573,0.02708708030224927,0.013801317517154361,0.006290935725023459],[0.9883043591833167,0.0036522210723009593,0.005721181963886223,0.0023222377804961534],[0.011709189522811737,0.9814949288579998,0.0030147246364210073,0.003781156982767422],[0.008420254547370443,0.9792677009606074,0.0035308047592849047,0.008781239732737308],[0.9818624792881245,0.005262888768007205,0.010465923374835115,0.002408708569033067],[0.02120272907993426,0.9404841483436549,0.012052257182994247,0.026260865393416644],[0.41211151858072254,0.5622703608104971,0.015635207616257137,0.009982912992523133],[0.7253487022678677,0.01884273322560529,0.24278501735822877,0.013023547148298193],[0.010639446015490793,0.944382069042311,0.007843231321395774,0.03713525362080234],[0.9379813787244601,0.006341192281525904,0.051340503032982376,0.00433692596103174],[0.9867634751151106,0.0029309165662681717,0.008662512012220182,0.001643096306401042],[0.01157184772346762,0.980207041147929,0.003168392346989554,0.005052718781613933],[0.010743878958343434,0.4386439987526512,0.011332165212297166,0.5392799570767083],[0.01120876898498406,0.9811193387442303,0.002826468589400669,0.004845423681385003],[0.9862045373800693,0.0029617042541426196,0.008548892323520983,0.002284866042267072],[0.978667397666378,0.006545715364094924,0.011614110781162847,0.0031727761883643016],[0.9920595320262201,0.0019294959175655787,0.004933695158442592,0.0010772768977716921],[0.010247215021196306,0.9565105610081122,0.006718559426258146,0.026523664544433345],[0.8647750348634902,0.01440817303772752,0.11067213540492228,0.010144656693859952],[0.99407747911152,0.0015562445981160671,0.003416767709752802,0.0009495085806111233],[0.013633304452864413,0.9766663596122129,0.004323442392639194,0.005376893542283466],[0.9863093483691273,0.002886004659136399,0.00925499560671187,0.0015496513650243497],[0.9774480799456225,0.003267644105289106,0.016908613978380258,0.0023756619707079943],[0.7409147407545115,0.011952992092828553,0.23858041244947692,0.00855185470318317],[0.015171180904392607,0.811176118838298,0.012437285720809444,0.1612154145365],[0.9870862574437399,0.003083046495148363,0.008083080536411689,0.0017476155247001996],[0.021720328705077292,0.9532590040078402,0.009131203954679127,0.015889463332403358],[0.056952687583246314,0.0037694293333348514,0.9357234240062638,0.0035544590771549927],[0.17975217947680447,0.006368118948917386,0.809413923258571,0.0044657783157073016],[0.8850387944291495,0.008050739102915816,0.10139097954136597,0.005519486926568697],[0.01366319014222953,0.9138343285775208,0.012298570367773846,0.06020391091247583],[0.9863362451511943,0.0035373723496975673,0.008183819312726371,0.0019425631863817271],[0.9412119503640161,0.0036568477778896485,0.05199342677152165,0.003137775086572685],[0.05821347977633634,0.25372203763266116,0.5286627623168973,0.15940172027410524],[0.010194086061282482,0.23249794435805554,0.012036717356642326,0.7452712522240196],[0.012141787557002891,0.9754538347132518,0.005036198835776,0.007368178893969336],[0.2955629950534556,0.016093849326487577,0.6784659047176642,0.009877250902392729],[0.17362512134449412,0.008886132549801641,0.8096627481187936,0.007825997986910721],[0.01810047511567519,0.9733769036816734,0.00371028692584269,0.004812334276808583],[0.9807483918150337,0.005218703771944058,0.011180412551610413,0.0028524918614119613],[0.9916313577059447,0.0018974506115632627,0.0052853074506222005,0.0011858842318699177],[0.9898026698069113,0.0020629447783185786,0.006811109889293683,0.0013232755254763663],[0.9887204278641089,0.002645265058313392,0.007066203884387555,0.0015681031931901689],[0.016788282870587742,0.9709290993005808,0.005375540710994623,0.006907077117836854],[0.9416171973383927,0.00548574120847813,0.04957791875781805,0.003319142695311208],[0.009865314388688786,0.951019439576443,0.008289178399994447,0.030826067634873795],[0.022986416802726898,0.9641354390460406,0.005741708237174025,0.007136435914058352],[0.9891305387577508,0.0029943513337436765,0.006551264463868961,0.0013238454446367462],[0.022096431019461266,0.8619541400125086,0.01879126115383644,0.09715816781419372],[0.02765050328599622,0.952348283957959,0.0086130093109573,0.011388203445087453],[0.9677878674467164,0.006386306871085207,0.022280839123594513,0.003544986558603933],[0.9872777609400817,0.002851241292260588,0.008218925579533866,0.0016520721881237504],[0.16068717795976012,0.8218717547232772,0.008521594130016335,0.008919473186946447],[0.8437094108243555,0.010126755163113847,0.13843874474180495,0.007725089270725657],[0.0070297252292369685,0.9261299187953185,0.00572458931499012,0.061115766660454485],[0.07322826938980952,0.3187289021926216,0.44430932941057255,0.16373349900699632],[0.2619997189561654,0.00636358721361258,0.7267099908193414,0.00492670301088042],[0.90523592315891,0.007688900680976275,0.08102281951657661,0.006052356643537031],[0.9698411598535955,0.0028374885276689294,0.025056679002854413,0.0022646726158811474],[0.9882139447290373,0.003190713083879401,0.0068894518317142005,0.0017058903553688676],[0.009604157373885673,0.9790656525894587,0.003939488296378193,0.007390701740277363],[0.047130449688785145,0.9371551566284362,0.007663756218356251,0.00805063746442234],[0.9829067596028874,0.0034406846672500988,0.01182952746756378,0.0018230282622987406],[0.9432285806694181,0.0052364781162907575,0.04733699280701611,0.004197948407275168],[0.4643837564313464,0.007675098402827411,0.5213962630436588,0.006544882122167457],[0.05749585015741894,0.9311234709812007,0.005966028678048579,0.005414650183331774],[0.0073746870826399925,0.9835387698568768,0.002942666570873366,0.006143876489609798],[0.024436284676291192,0.3013989509827557,0.0427741666885301,0.6313905976524231],[0.00928281011227715,0.7492871213358973,0.009971316203151958,0.2314587523486736],[0.9901276360304158,0.0021088596463326647,0.006349606217474849,0.0014138981057767264],[0.016731786704676132,0.8362291381702858,0.018662345634365377,0.12837672949067278],[0.04544215908997278,0.9276222621416342,0.013559120163725773,0.013376458604667133],[0.012204240339174095,0.9793161635595237,0.003431591997200943,0.005048004104101289],[0.9508224547830121,0.00864847346034079,0.0353915747270951,0.005137497029552053],[0.00902951564390186,0.9822850372448603,0.0032214814362765227,0.005463965674961304],[0.9067589140000023,0.0060701222880538905,0.08244892191667166,0.004722041795271983],[0.9341365947107488,0.003973387196933497,0.05907885685230443,0.002811161240013167],[0.9919480694463244,0.0020608522624968265,0.004719568567999736,0.0012715097231790762],[0.007500494052358953,0.9517978911830381,0.006396560569394155,0.03430505419520887],[0.06487610850620451,0.9137531113521103,0.012190779950894785,0.009180000190790379],[0.08235607384658682,0.005832769485573308,0.9077569548352338,0.004054201832606126],[0.007493065904350355,0.9504370436402807,0.006738915337354223,0.035330975118014724],[0.9344086655996102,0.00944572116443215,0.04994740291391487,0.006198210322042821],[0.9911578944229644,0.0024771112343901338,0.004851422777696471,0.0015135715649490563],[0.01837817600914681,0.6799022180353117,0.024023892720964963,0.2776957132345766],[0.8768964097430846,0.013617345443783232,0.09936173510644201,0.010124509706690035],[0.3769297318319104,0.6000440338145467,0.014136887803850404,0.008889346549692471],[0.016261378655470737,0.9737753698246435,0.004399162651615774,0.005564088868269985],[0.9854309765855666,0.006380906292779394,0.005933496649911026,0.002254620471743122],[0.9710964581814662,0.00499701804265507,0.02096934439980345,0.002937179376075358],[0.06058118189489709,0.010873934781099097,0.9208024109849084,0.007742472339095212],[0.0064467319371865625,0.19665284995074436,0.00784137